# Perkalian MAtrix 

## Matrix A 
    [3, 7, 1, 4, 9],
    [2, 5, 6, 8, 1],
    [9, 3, 2, 7, 6],
    [4, 8, 5, 1, 0],
    [6, 2, 3, 9, 7]


## Matrix B
    [1, 6, 4, 3, 7],
    [5, 2, 0, 8, 1],
    [9, 3, 6, 2, 4],
    [0, 1, 5, 7, 3],
    [8, 4, 2, 6, 9]


## Hasil Perkalian A x B
    [119, 75, 56, 149, 125],
    [89, 52, 86, 120, 76],
    [90, 97, 95, 140, 149],
    [89, 56, 51, 93, 59],
    [99, 86, 101, 145, 146]
